 2022020 60 54 71 61
 2022017 57 86 53 75
 2022015 62 65 57 83
 2022018 67 83 34 47
 2022010 36 79 31 81
 2022001 79 31 52 54
 2022008 50 49 87 74
 2022003 66 48 39 36
 2022022 64 72 59 83
 2022000 68 82 68 32
 2022007 49 87 77 87
 2022026 72 73 36 70
 2022016 63 89 61 44
 2022029 31 75 68 43
 2022006 34 58 79 71
 2022002 68 80 69 42
 2022023 54 31 87 84
 2022014 75 58 87 35
 2022021 55 66 32 30
 2022024 50 30 70 83
 2022027 89 34 37 82
 2022028 79 67 87 76
 2022013 35 77 57 65
 2022012 59 88 69 84
 2022019 89 67 78 75
 2022005 35 67 80 52
 2022004 44 74 52 64
 2022030 66 85 49 65
 2022025 81 48 58 62
 2022011 77 47 48 75
 2022009 86 75 50 56
 2022031 66 30 42 65
